a=0.33;
b=1;
d=1;
e=22;
Tr=0:0.1:1;
