t0=200;
t4=40;
tinf=25;
a=0.1;
h=0.25;
